# GSplus configuration file version 0.10a

s5d1 = 
s5d2 = 

s6d1 = 
s6d2 = 

s7d1 = 



bram1[00] = 00 00 00 00 00 00 00 00 00 00 00 00 00 00 00 00
bram1[10] = 00 00 00 00 00 00 00 00 00 00 00 00 00 00 00 00
bram1[20] = 00 00 00 00 00 00 00 00 00 00 00 00 00 00 00 00
bram1[30] = 00 00 00 00 00 00 00 00 00 00 00 00 00 00 00 00
bram1[40] = 00 00 00 00 00 00 00 00 00 00 00 00 00 00 00 00
bram1[50] = 00 00 00 00 00 00 00 00 00 00 00 00 00 00 00 00
bram1[60] = 00 00 00 00 00 00 00 00 00 00 00 00 00 00 00 00
bram1[70] = 00 00 00 00 00 00 00 00 00 00 00 00 00 00 00 00
bram1[80] = 00 00 00 00 00 00 00 00 00 00 00 00 00 00 00 00
bram1[90] = 00 00 00 00 00 00 00 00 00 00 00 00 00 00 00 00
bram1[a0] = 00 00 00 00 00 00 00 00 00 00 00 00 00 00 00 00
bram1[b0] = 00 00 00 00 00 00 00 00 00 00 00 00 00 00 00 00
bram1[c0] = 00 00 00 00 00 00 00 00 00 00 00 00 00 00 00 00
bram1[d0] = 00 00 00 00 00 00 00 00 00 00 00 00 00 00 00 00
bram1[e0] = 00 00 00 00 00 00 00 00 00 00 00 00 00 00 00 00
bram1[f0] = 00 00 00 00 00 00 00 00 00 00 00 00 00 00 00 00

bram3[00] = 00 00 00 00 00 00 00 00 00 00 00 00 00 00 00 00
bram3[10] = 00 00 00 00 00 00 00 00 00 00 00 00 00 00 00 00
bram3[20] = 00 00 00 00 00 00 00 00 00 00 00 00 00 00 00 00
bram3[30] = 00 00 00 00 00 00 00 00 00 00 00 00 00 00 00 00
bram3[40] = 00 00 00 00 00 00 00 00 00 00 00 00 00 00 00 00
bram3[50] = 00 00 00 00 00 00 00 00 00 00 00 00 00 00 00 00
bram3[60] = 00 00 00 00 00 00 00 00 00 00 00 00 00 00 00 00
bram3[70] = 00 00 00 00 00 00 00 00 00 00 00 00 00 00 00 00
bram3[80] = 00 00 00 00 00 00 00 00 00 00 00 00 00 00 00 00
bram3[90] = 00 00 00 00 00 00 00 00 00 00 00 00 00 00 00 00
bram3[a0] = 00 00 00 00 00 00 00 00 00 00 00 00 00 00 00 00
bram3[b0] = 00 00 00 00 00 00 00 00 00 00 00 00 00 00 00 00
bram3[c0] = 00 00 00 00 00 00 00 00 00 00 00 00 00 00 00 00
bram3[d0] = 00 00 00 00 00 00 00 00 00 00 00 00 00 00 00 00
bram3[e0] = 00 00 00 00 00 00 00 00 00 00 00 00 00 00 00 00
bram3[f0] = 00 00 00 00 00 00 00 00 00 00 00 00 00 00 00 00
